34017980100
34025990000
36005031900
36047001800
36047015400
36047990100
36061000100
36061000500
36061029700
36061031900
36081091602
36081990100
36085015400
36119982000
34003002100
34003016000
34003055100
34017010800
34017011400
34017011500
34023003401
34023003600
34023005000
34023007402
34023007500
34023007600
34023008001
34023009100
34025800100
34025800200
34025800400
34025800500
34025800601
34025801600
34025801700
34025801800
34025801900
34025802500
34025812100
34039030500
34039035400
36001000100
36001013100
36001013400
36001013602
36001014401
36021000500
36021000600
36021001100
36021001900
36021002000
36027060202
36027070201
36027140500
36027140602
36027140801
36027190301
36027210201
36039080100
36039080600
36039080700
36039080900
36047004400
36047004600
36047016800
36047033600
36071010102
36071010200
36071012700
36071012800
36071012900
36071013100
36071013700
36071013800
36079010600
36079010700
36081091601
36083040800
36083051600
36083052301
36083052404
36083052501
36085009700
36085011201
36085011202
36085012804
36085012805
36085015603
36085017600
36085019800
36085020801
36085022300
36085022600
36085024401
36085024402
36085024800
36085029102
36087010101
36087010200
36087010602
36087010902
36087013100
36087013300
36087013402
36111950100
36111950200
36111950300
36111951400
36111951700
36111952500
36111953700
36111953800
36111954900
36119011300
36119011400
36119011500
36119011700
36119013304
36119013600
36119013800
36119013900
36119014000
36119014100
36119014200
36119014604
36119014701
34003013001
34003013002
34003019102
34017005802
34017010300
34017010400
34017015001
34017015201
34017015801
34017017900
34017018302
34023004500
34023004600
34039030600
36001002500
36001002600
36001013200
36001013601
36001014301
36021001200
36027070101
36027070401
36027140101
36027150003
36027160003
36027220100
36027220700
36039081000
36039081102
36047003800
36047005000
36047005300
36047017400
36047061600
36071000100
36071000400
36071013600
36079010800
36083040400
36083040900
36083041000
36083051500
36083052503
36085001800
36085007000
36085007400
36085020700
36085022800
36085031902
36085032300
36087010701
36087011000
36087013003
36087013200
36111951300
36111952600
36111953600
36119010300
36119010400
36119010500
36119011800
36119013201
34003019202
34017007400
34017007600
34017007700
34017011600
34017014101
34017018301
34017018701
34017019300
34023004900
34025802000
34039039800
36005029301
36005032300
36021001300
36021001400
36027060100
36047000700
36047004700
36047005201
36047005202
36047005400
36047005601
36047016400
36047028000
36047028200
36047031400
36047061002
36061000900
36061003700
36061003900
36061007500
36061007900
36061009900
36061011700
36061012900
36061013500
36061015100
36061015500
36061015900
36061016300
36061016700
36061017100
36061017900
36061018300
36061018700
36061019100
36061019500
36061021900
36061022900
36061023300
36061023700
36061024100
36061024700
36061027300
36061027500
36061031703
36061031704
36071000501
36071000502
36085000600
36085000700
36085002100
36085008100
36085012806
36087010703
36119000103
36119000104
36119000202
36119000203
36119000401
36119000402
36119000701
36119000702
36119013301
36119014605
36001001100
36005030100
36005030900
36047000301
36047003400
36047005602
36047016200
36047017600
36047028600
36047029200
36047030400
36047033000
36047035200
36061000700
36061001300
36061006900
36061017500
36061019900
36061020500
36061021100
36061022301
36061022302
36061022500
36061026500
36061028700
36083040700
36085000300
36119011600
36119984000
36047029400
36061025500
36081099900
36119005600
09001011000
09001011100
09001011200
09001011300
09001021900
09001022100
09001022300
09001022400
09001030300
09001044300
09001044400
09001044600
09001050500
09001050600
09001060600
09001061500
09001061600
09001070100
09001074400
09001080500
09007610100
09007610200
09007670100
09007670200
09007680100
09009142800
09009150100
09009150200
09009150400
09009150500
09009150900
09009151000
09009151100
09009154500
09009154700
09009154800
09009155000
09009180100
09009184300
09009184400
09009184600
09009190100
09009190200
09009194100
09011660101
09011660102
09011693300
09011693500
09011702600
09011702900
09011705101
09011705200
09011870703
09011870704
36005013800
36005016000
36005051600
36059300500
36059301000
36059301101
36059301200
36059301500
36059517101
36059517400
36059517500
36059517801
36059517901
36059517902
36059518000
36059518201
36081099705
36081109300
36081111300
36081148300
36103110101
36103110102
36103110300
36103110401
36103110402
36103110501
36103110600
36103110801
36103110803
36103134703
36103135004
36103158001
36103158002
36103158207
36103158304
36103158317
36103158402
36103158407
36103158408
36103169701
36103169703
36103169901
36103169902
36103170001
36103170002
36103170201
36103170202
36103180300
36103200902
36103201001
36103201003
36103201004
36119006900
36119007000
36119007100
36119007402
36119007500
36119007600
44009041500
44009051000
44009051101
44009051102
44009051302
44009051504
09001050400
09001070400
09009140400
09009142700
09011690900
09011705300
36005011800
36005027402
36059300100
36059302000
36059517000
36081099703
36103134704
36119005902
09009140200
09009155100
36005027600
36005050400
36119005701
36119007200
09001070600